<!DOCTYPE html>
<!-- Generated by pkgdown: do not edit by hand --><html lang="en"><head><link rel="shortcut icon" href="https://sebkrantz.github.io/collapse/favicon.ico" type="image/x-icon">
<meta http-equiv="Content-Type" content="text/html; charset=UTF-8"><meta charset="utf-8"><meta http-equiv="X-UA-Compatible" content="IE=edge"><meta name="viewport" content="width=device-width, initial-scale=1.0"><title>Fast (Grouped, Weighted) Median Value for Matrix-Like Objects — fmedian • collapse</title><!-- jquery --><script src="https://cdnjs.cloudflare.com/ajax/libs/jquery/3.4.1/jquery.min.js" integrity="sha256-CSXorXvZcTkaix6Yvo6HppcZGetbYMGWSFlBw8HfCJo=" crossorigin="anonymous"></script><!-- Bootstrap --><link rel="stylesheet" href="https://cdnjs.cloudflare.com/ajax/libs/twitter-bootstrap/3.4.1/css/bootstrap.min.css" integrity="sha256-bZLfwXAP04zRMK2BjiO8iu9pf4FbLqX6zitd+tIvLhE=" crossorigin="anonymous"><script src="https://cdnjs.cloudflare.com/ajax/libs/twitter-bootstrap/3.4.1/js/bootstrap.min.js" integrity="sha256-nuL8/2cJ5NDSSwnKD8VqreErSWHtnEP9E7AySL+1ev4=" crossorigin="anonymous"></script><!-- bootstrap-toc --><link rel="stylesheet" href="../bootstrap-toc.css"><script src="../bootstrap-toc.js"></script><!-- Font Awesome icons --><link rel="stylesheet" href="https://cdnjs.cloudflare.com/ajax/libs/font-awesome/5.12.1/css/all.min.css" integrity="sha256-mmgLkCYLUQbXn0B1SRqzHar6dCnv9oZFPEC1g1cwlkk=" crossorigin="anonymous"><link rel="stylesheet" href="https://cdnjs.cloudflare.com/ajax/libs/font-awesome/5.12.1/css/v4-shims.min.css" integrity="sha256-wZjR52fzng1pJHwx4aV2AO3yyTOXrcDW7jBpJtTwVxw=" crossorigin="anonymous"><!-- clipboard.js --><script src="https://cdnjs.cloudflare.com/ajax/libs/clipboard.js/2.0.6/clipboard.min.js" integrity="sha256-inc5kl9MA1hkeYUt+EC3BhlIgyp/2jDIyBLS6k3UxPI=" crossorigin="anonymous"></script><!-- headroom.js --><script src="https://cdnjs.cloudflare.com/ajax/libs/headroom/0.11.0/headroom.min.js" integrity="sha256-AsUX4SJE1+yuDu5+mAVzJbuYNPHj/WroHuZ8Ir/CkE0=" crossorigin="anonymous"></script><script src="https://cdnjs.cloudflare.com/ajax/libs/headroom/0.11.0/jQuery.headroom.min.js" integrity="sha256-ZX/yNShbjqsohH1k95liqY9Gd8uOiE1S4vZc+9KQ1K4=" crossorigin="anonymous"></script><!-- pkgdown --><link href="../pkgdown.css" rel="stylesheet"><script src="../pkgdown.js"></script><meta property="og:title" content="Fast (Grouped, Weighted) Median Value for Matrix-Like Objects — fmedian"><meta property="og:description" content="fmedian is a generic function that computes the (column-wise) median value of all values in x, (optionally) grouped by g and/or weighted by w. The TRA argument can further be used to transform x using its (grouped, weighted) median value."><!-- mathjax --><script src="https://cdnjs.cloudflare.com/ajax/libs/mathjax/2.7.5/MathJax.js" integrity="sha256-nvJJv9wWKEm88qvoQl9ekL2J+k/RWIsaSScxxlsrv8k=" crossorigin="anonymous"></script><script src="https://cdnjs.cloudflare.com/ajax/libs/mathjax/2.7.5/config/TeX-AMS-MML_HTMLorMML.js" integrity="sha256-84DKXVJXs0/F8OTMzX4UR909+jtl4G7SPypPavF+GfA=" crossorigin="anonymous"></script><!--[if lt IE 9]>
<script src="https://oss.maxcdn.com/html5shiv/3.7.3/html5shiv.min.js"></script>
<script src="https://oss.maxcdn.com/respond/1.4.2/respond.min.js"></script>
<![endif]--></head><body data-spy="scroll" data-target="#toc">


    <div class="container template-reference-topic">
      <header><div class="navbar navbar-default navbar-fixed-top" role="navigation">
  <div class="container">
    <div class="navbar-header">
      <button type="button" class="navbar-toggle collapsed" data-toggle="collapse" data-target="#navbar" aria-expanded="false">
        <span class="sr-only">Toggle navigation</span>
        <span class="icon-bar"></span>
        <span class="icon-bar"></span>
        <span class="icon-bar"></span>
      </button>
      <span class="navbar-brand">
        <a class="navbar-link" href="../index.html">collapse</a>
        <span class="version label label-default" data-toggle="tooltip" data-placement="bottom" title="Released version">1.7.5</span>
      </span>
    </div>

    <div id="navbar" class="navbar-collapse collapse">
      <ul class="nav navbar-nav"><li>
  <a href="../reference/index.html">Documentation</a>
</li>
<li>
  <a href="../articles/index.html">Vignettes</a>
</li>
<li>
  <a href="../news/index.html">News</a>
</li>
<li>
  <a href="https://sebkrantz.github.io/Rblog/" class="external-link">Blog</a>
</li>
      </ul><ul class="nav navbar-nav navbar-right"><li>
  <a href="https://twitter.com/collapse_R" class="external-link">
    <span class="fa fa-twitter"></span>

  </a>
</li>
<li>
  <a href="https://github.com/SebKrantz/collapse" class="external-link">
    <span class="fa fa-github"></span>

  </a>
</li>
      </ul></div><!--/.nav-collapse -->
  </div><!--/.container -->
</div><!--/.navbar -->



      </header><div class="row">
  <div class="col-md-9 contents">
    <div class="page-header">
    <h1>Fast (Grouped, Weighted) Median Value for Matrix-Like Objects</h1>

    <div class="hidden name"><code>fmedian.Rd</code></div>
    </div>

    <div class="ref-description">
    <p><code>fmedian</code> is a generic function that computes the (column-wise) median value of all values in <code>x</code>, (optionally) grouped by <code>g</code> and/or weighted by <code>w</code>. The <code><a href="TRA.html">TRA</a></code> argument can further be used to transform <code>x</code> using its (grouped, weighted) median value.</p>
    </div>

    <div id="ref-usage">
    <div class="sourceCode"><pre class="sourceCode r"><code><span class="fu">fmedian</span><span class="op">(</span><span class="va">x</span>, <span class="va">...</span><span class="op">)</span>

<span class="co"># S3 method for default</span>
<span class="fu">fmedian</span><span class="op">(</span><span class="va">x</span>, g <span class="op">=</span> <span class="cn">NULL</span>, w <span class="op">=</span> <span class="cn">NULL</span>, TRA <span class="op">=</span> <span class="cn">NULL</span>, na.rm <span class="op">=</span> <span class="cn">TRUE</span>,
        use.g.names <span class="op">=</span> <span class="cn">TRUE</span>, <span class="va">...</span><span class="op">)</span>

<span class="co"># S3 method for matrix</span>
<span class="fu">fmedian</span><span class="op">(</span><span class="va">x</span>, g <span class="op">=</span> <span class="cn">NULL</span>, w <span class="op">=</span> <span class="cn">NULL</span>, TRA <span class="op">=</span> <span class="cn">NULL</span>, na.rm <span class="op">=</span> <span class="cn">TRUE</span>,
        use.g.names <span class="op">=</span> <span class="cn">TRUE</span>, drop <span class="op">=</span> <span class="cn">TRUE</span>, <span class="va">...</span><span class="op">)</span>

<span class="co"># S3 method for data.frame</span>
<span class="fu">fmedian</span><span class="op">(</span><span class="va">x</span>, g <span class="op">=</span> <span class="cn">NULL</span>, w <span class="op">=</span> <span class="cn">NULL</span>, TRA <span class="op">=</span> <span class="cn">NULL</span>, na.rm <span class="op">=</span> <span class="cn">TRUE</span>,
        use.g.names <span class="op">=</span> <span class="cn">TRUE</span>, drop <span class="op">=</span> <span class="cn">TRUE</span>, <span class="va">...</span><span class="op">)</span>

<span class="co"># S3 method for grouped_df</span>
<span class="fu">fmedian</span><span class="op">(</span><span class="va">x</span>, w <span class="op">=</span> <span class="cn">NULL</span>, TRA <span class="op">=</span> <span class="cn">NULL</span>, na.rm <span class="op">=</span> <span class="cn">TRUE</span>,
        use.g.names <span class="op">=</span> <span class="cn">FALSE</span>, keep.group_vars <span class="op">=</span> <span class="cn">TRUE</span>, keep.w <span class="op">=</span> <span class="cn">TRUE</span>, <span class="va">...</span><span class="op">)</span></code></pre></div>
    </div>

    <div id="arguments">
    <h2>Arguments</h2>
    <dl><dt>x</dt>
<dd><p>a numeric vector, matrix, data frame or grouped data frame (class 'grouped_df').</p></dd>
<dt>g</dt>
<dd><p>a factor, <code><a href="GRP.html">GRP</a></code> object, atomic vector (internally converted to factor) or a list of vectors / factors (internally converted to a <code><a href="GRP.html">GRP</a></code> object) used to group <code>x</code>.</p></dd>
<dt>w</dt>
<dd><p>a numeric vector of (non-negative) weights, may contain missing values, but only if <code>x</code> is also missing.</p></dd>
<dt>TRA</dt>
<dd><p>an integer or quoted operator indicating the transformation to perform:
1 - "replace_fill"     |     2 - "replace"     |     3 - "-"     |     4 - "-+"     |     5 - "/"     |     6 - "%"     |     7 - "+"     |     8 - "*"     |     9 - "%%"     |     10 - "-%%". See <code><a href="TRA.html">TRA</a></code>.</p></dd>
<dt>na.rm</dt>
<dd><p>logical. Skip missing values in <code>x</code>. Defaults to <code>TRUE</code> and implemented at very little computational cost. If <code>na.rm = FALSE</code> a <code>NA</code> is returned when encountered.</p></dd>
<dt>use.g.names</dt>
<dd><p>logical. Make group-names and add to the result as names (default method) or row-names (matrix and data frame methods). No row-names are generated for <em>data.table</em>'s.</p></dd>
<dt>drop</dt>
<dd><p><em>matrix and data.frame method:</em> Logical. <code>TRUE</code> drops dimensions and returns an atomic vector if <code>g = NULL</code> and <code>TRA = NULL</code>.</p></dd>
<dt>keep.group_vars</dt>
<dd><p><em>grouped_df method:</em> Logical. <code>FALSE</code> removes grouping variables after computation.</p></dd>
<dt>keep.w</dt>
<dd><p><em>grouped_df method:</em> Logical. Retain summed weighting variable after computation (if contained in <code>grouped_df</code>).</p></dd>
<dt>...</dt>
<dd><p>arguments to be passed to or from other methods.</p></dd>
</dl></div>
    <div id="details">
    <h2>Details</h2>
    <p>Median value estimation is done using <code>std::nth_element</code> in C++, which is an efficient partial sorting algorithm. A downside of this is that vectors need to be copied first and then partially sorted, thus <code>fmedian</code> currently requires additional memory equal to the size of the vector (<code>x</code> or a column of <code>x</code>).</p>
<p>Grouped computations are currently performed by mapping the data to a sparse-array and then partially sorting each row (group) of that array. Because of compiler optimizations this requires less memory than a full deep copy done with no groups.  <!-- % For reasons I don't fully understand this requires less memory than a full deep copy which is done with no groups. --></p>
<p>The weighted median is defined as the element <code>k</code> from a set of sorted elements, such that the sum of weights of all elements larger and all elements smaller than k is <code>&lt;= sum(w)/2</code>. If the half-sum of weights (<code>sum(w)/2</code>) is reached exactly for some element k, then (summing from the lower end) both k and k+1 would qualify as the weighted median (and some possible additional elements with zero weights following k would also qualify). <code>fmedian</code> solves these ties by taking a simple arithmetic mean of all elements qualifying as the weighted median.</p>
<p>The weighted median is computed using <code><a href="radixorder.html">radixorder</a></code> to first obtain an ordering of all elements, so it is considerably more computationally expensive than the unweighted version. With groups, the entire vector is also ordered, and the weighted median is computed in a single ordered pass through the data (after group-summing the weights, skipping weights for which <code>x</code> is missing).</p>
<p>If <code>x</code> is a matrix or data frame, these computations are performed independently for each column. When applied to data frames with groups or <code>drop = FALSE</code>, <code>fmedian</code> preserves all column attributes (such as variable labels) but does not distinguish between classed and unclassed objects. The attributes of the data frame itself are also preserved.</p>

<p><!-- %smaller to the left and to the right of -->
<!-- %With weights, -->
<!-- %a lower weighted median is calculated using a fast radix-sort of the values in each column. The lower weighted median is defined as the smallest element \code{sort(x)[i]} for which \code{sum(w[order(x)][-seq_len(i)]) &lt;= sum(w)/2}. --></p>
    </div>
    <div id="value">
    <h2>Value</h2>
    <p>The (<code>w</code> weighted) median value of <code>x</code>, grouped by <code>g</code>, or (if <code><a href="TRA.html">TRA</a></code> is used) <code>x</code> transformed by its median, grouped by <code>g</code>.</p>
    </div>
    <div id="see-also">
    <h2>See also</h2>
    <div class="dont-index"><p><code><a href="fnth.html">fnth</a></code>, <code><a href="fmean.html">fmean</a></code>, <code><a href="fmode.html">fmode</a></code>, <a href="fast-statistical-functions.html">Fast Statistical Functions</a>, <a href="collapse-documentation.html">Collapse Overview</a></p></div>
    </div>

    <div id="ref-examples">
    <h2>Examples</h2>
    <div class="sourceCode"><pre class="sourceCode r"><code><span class="r-in"><span class="co">## default vector method</span></span>
<span class="r-in"><span class="va">mpg</span> <span class="op">&lt;-</span> <span class="va">mtcars</span><span class="op">$</span><span class="va">mpg</span></span>
<span class="r-in"><span class="fu">fmedian</span><span class="op">(</span><span class="va">mpg</span><span class="op">)</span>                         <span class="co"># Simple median value</span></span>
<span class="r-out co"><span class="r-pr">#&gt;</span> [1] 19.2</span>
<span class="r-in"><span class="fu">fmedian</span><span class="op">(</span><span class="va">mpg</span>, w <span class="op">=</span> <span class="va">mtcars</span><span class="op">$</span><span class="va">hp</span><span class="op">)</span>          <span class="co"># Weighted median: Weighted by hp</span></span>
<span class="r-out co"><span class="r-pr">#&gt;</span> [1] 16.4</span>
<span class="r-in"><span class="fu">fmedian</span><span class="op">(</span><span class="va">mpg</span>, TRA <span class="op">=</span> <span class="st">"-"</span><span class="op">)</span>              <span class="co"># Simple transformation: Subtract median value</span></span>
<span class="r-out co"><span class="r-pr">#&gt;</span>  [1]  1.8  1.8  3.6  2.2 -0.5 -1.1 -4.9  5.2  3.6  0.0 -1.4 -2.8 -1.9 -4.0 -8.8</span>
<span class="r-out co"><span class="r-pr">#&gt;</span> [16] -8.8 -4.5 13.2 11.2 14.7  2.3 -3.7 -4.0 -5.9  0.0  8.1  6.8 11.2 -3.4  0.5</span>
<span class="r-out co"><span class="r-pr">#&gt;</span> [31] -4.2  2.2</span>
<span class="r-in"><span class="fu">fmedian</span><span class="op">(</span><span class="va">mpg</span>, <span class="va">mtcars</span><span class="op">$</span><span class="va">cyl</span><span class="op">)</span>             <span class="co"># Grouped median value</span></span>
<span class="r-out co"><span class="r-pr">#&gt;</span>    4    6    8 </span>
<span class="r-out co"><span class="r-pr">#&gt;</span> 26.0 19.7 15.2 </span>
<span class="r-in"><span class="fu">fmedian</span><span class="op">(</span><span class="va">mpg</span>, <span class="va">mtcars</span><span class="op">[</span><span class="fu"><a href="https://rdrr.io/r/base/c.html" class="external-link">c</a></span><span class="op">(</span><span class="fl">2</span>,<span class="fl">8</span><span class="op">:</span><span class="fl">9</span><span class="op">)</span><span class="op">]</span><span class="op">)</span>       <span class="co"># More groups..</span></span>
<span class="r-out co"><span class="r-pr">#&gt;</span> 4.0.1 4.1.0 4.1.1 6.0.1 6.1.0 8.0.0 8.0.1 </span>
<span class="r-out co"><span class="r-pr">#&gt;</span> 26.00 22.80 30.40 21.00 18.65 15.20 15.40 </span>
<span class="r-in"><span class="va">g</span> <span class="op">&lt;-</span> <span class="fu"><a href="GRP.html">GRP</a></span><span class="op">(</span><span class="va">mtcars</span>, <span class="op">~</span> <span class="va">cyl</span> <span class="op">+</span> <span class="va">vs</span> <span class="op">+</span> <span class="va">am</span><span class="op">)</span>    <span class="co"># Precomputing groups gives more speed !</span></span>
<span class="r-in"><span class="fu">fmedian</span><span class="op">(</span><span class="va">mpg</span>, <span class="va">g</span><span class="op">)</span></span>
<span class="r-out co"><span class="r-pr">#&gt;</span> 4.0.1 4.1.0 4.1.1 6.0.1 6.1.0 8.0.0 8.0.1 </span>
<span class="r-out co"><span class="r-pr">#&gt;</span> 26.00 22.80 30.40 21.00 18.65 15.20 15.40 </span>
<span class="r-in"><span class="fu">fmedian</span><span class="op">(</span><span class="va">mpg</span>, <span class="va">g</span>, <span class="va">mtcars</span><span class="op">$</span><span class="va">hp</span><span class="op">)</span>           <span class="co"># Grouped weighted median</span></span>
<span class="r-out co"><span class="r-pr">#&gt;</span> 4.0.1 4.1.0 4.1.1 6.0.1 6.1.0 8.0.0 8.0.1 </span>
<span class="r-out co"><span class="r-pr">#&gt;</span>  26.0  22.8  30.4  21.0  19.2  15.2  15.0 </span>
<span class="r-in"><span class="fu">fmedian</span><span class="op">(</span><span class="va">mpg</span>, <span class="va">g</span>, TRA <span class="op">=</span> <span class="st">"-"</span><span class="op">)</span>           <span class="co"># Groupwise subtract median value</span></span>
<span class="r-out co"><span class="r-pr">#&gt;</span>  [1]  0.00  0.00 -7.60  2.75  3.50 -0.55 -0.90  1.60  0.00  0.55 -0.85  1.20</span>
<span class="r-out co"><span class="r-pr">#&gt;</span> [13]  2.10  0.00 -4.80 -4.80 -0.50  2.00  0.00  3.50 -1.30  0.30  0.00 -1.90</span>
<span class="r-out co"><span class="r-pr">#&gt;</span> [25]  4.00 -3.10  0.00  0.00  0.40 -1.30 -0.40 -9.00</span>
<span class="r-in"><span class="fu">fmedian</span><span class="op">(</span><span class="va">mpg</span>, <span class="va">g</span>, <span class="va">mtcars</span><span class="op">$</span><span class="va">hp</span>, <span class="st">"-"</span><span class="op">)</span>      <span class="co"># Groupwise subtract weighted median value</span></span>
<span class="r-out co"><span class="r-pr">#&gt;</span>  [1]  0.0  0.0 -7.6  2.2  3.5 -1.1 -0.9  1.6  0.0  0.0 -1.4  1.2  2.1  0.0 -4.8</span>
<span class="r-out co"><span class="r-pr">#&gt;</span> [16] -4.8 -0.5  2.0  0.0  3.5 -1.3  0.3  0.0 -1.9  4.0 -3.1  0.0  0.0  0.8 -1.3</span>
<span class="r-out co"><span class="r-pr">#&gt;</span> [31]  0.0 -9.0</span>
<span class="r-in"></span>
<span class="r-in"><span class="co">## data.frame method</span></span>
<span class="r-in"><span class="fu">fmedian</span><span class="op">(</span><span class="va">mtcars</span><span class="op">)</span></span>
<span class="r-out co"><span class="r-pr">#&gt;</span>         mpg         cyl        disp          hp        drat          wt </span>
<span class="r-out co"><span class="r-pr">#&gt;</span>  19.2000000   6.0000000 196.3000000 123.0000000   3.6950000   3.3250000 </span>
<span class="r-out co"><span class="r-pr">#&gt;</span>        qsec          vs          am        gear        carb           X </span>
<span class="r-out co"><span class="r-pr">#&gt;</span>  17.7100000   0.0000000   0.0000000   4.0000000   2.0000000  -0.1582286 </span>
<span class="r-in"><span class="fu"><a href="https://rdrr.io/r/utils/head.html" class="external-link">head</a></span><span class="op">(</span><span class="fu">fmedian</span><span class="op">(</span><span class="va">mtcars</span>, TRA <span class="op">=</span> <span class="st">"-"</span><span class="op">)</span><span class="op">)</span></span>
<span class="r-out co"><span class="r-pr">#&gt;</span>                    mpg cyl  disp  hp   drat     wt  qsec vs am gear carb</span>
<span class="r-out co"><span class="r-pr">#&gt;</span> Mazda RX4          1.8   0 -36.3 -13  0.205 -0.705 -1.25  0  1    0    2</span>
<span class="r-out co"><span class="r-pr">#&gt;</span> Mazda RX4 Wag      1.8   0 -36.3 -13  0.205 -0.450 -0.69  0  1    0    2</span>
<span class="r-out co"><span class="r-pr">#&gt;</span> Datsun 710         3.6  -2 -88.3 -30  0.155 -1.005  0.90  1  1    0   -1</span>
<span class="r-out co"><span class="r-pr">#&gt;</span> Hornet 4 Drive     2.2   0  61.7 -13 -0.615 -0.110  1.73  1  0   -1   -1</span>
<span class="r-out co"><span class="r-pr">#&gt;</span> Hornet Sportabout -0.5   2 163.7  52 -0.545  0.115 -0.69  0  0   -1    0</span>
<span class="r-out co"><span class="r-pr">#&gt;</span> Valiant           -1.1   0  28.7 -18 -0.935  0.135  2.51  1  0   -1   -1</span>
<span class="r-out co"><span class="r-pr">#&gt;</span>                             X</span>
<span class="r-out co"><span class="r-pr">#&gt;</span> Mazda RX4         -0.60449189</span>
<span class="r-out co"><span class="r-pr">#&gt;</span> Mazda RX4 Wag      0.07181462</span>
<span class="r-out co"><span class="r-pr">#&gt;</span> Datsun 710         1.54550867</span>
<span class="r-out co"><span class="r-pr">#&gt;</span> Hornet 4 Drive    -0.49538733</span>
<span class="r-out co"><span class="r-pr">#&gt;</span> Hornet Sportabout -0.11047904</span>
<span class="r-out co"><span class="r-pr">#&gt;</span> Valiant            0.44987917</span>
<span class="r-in"><span class="fu">fmedian</span><span class="op">(</span><span class="va">mtcars</span>, <span class="va">g</span><span class="op">)</span></span>
<span class="r-out co"><span class="r-pr">#&gt;</span>         mpg cyl  disp    hp  drat    wt  qsec vs am gear carb           X</span>
<span class="r-out co"><span class="r-pr">#&gt;</span> 4.0.1 26.00   4 120.3  91.0 4.430 2.140 16.70  0  1  5.0  2.0 -0.55381411</span>
<span class="r-out co"><span class="r-pr">#&gt;</span> 4.1.0 22.80   4 140.8  95.0 3.700 3.150 20.01  1  0  4.0  2.0 -0.90357957</span>
<span class="r-out co"><span class="r-pr">#&gt;</span> 4.1.1 30.40   4  79.0  66.0 4.080 1.935 18.61  1  1  4.0  1.0  0.78018236</span>
<span class="r-out co"><span class="r-pr">#&gt;</span> 6.0.1 21.00   6 160.0 110.0 3.900 2.770 16.46  0  1  4.0  4.0 -0.08641398</span>
<span class="r-out co"><span class="r-pr">#&gt;</span> 6.1.0 18.65   6 196.3 116.5 3.500 3.440 19.17  1  0  3.5  2.5 -0.68968621</span>
<span class="r-out co"><span class="r-pr">#&gt;</span> 8.0.0 15.20   8 355.0 180.0 3.075 3.810 17.35  0  0  3.0  3.0 -0.17101314</span>
<span class="r-out co"><span class="r-pr">#&gt;</span> 8.0.1 15.40   8 326.0 299.5 3.880 3.370 14.55  0  1  5.0  6.0 -1.18932646</span>
<span class="r-in"><span class="fu">fmedian</span><span class="op">(</span><span class="fu"><a href="GRP.html">fgroup_by</a></span><span class="op">(</span><span class="va">mtcars</span>, <span class="va">cyl</span>, <span class="va">vs</span>, <span class="va">am</span><span class="op">)</span><span class="op">)</span>   <span class="co"># Another way of doing it..</span></span>
<span class="r-out co"><span class="r-pr">#&gt;</span>   cyl vs am   mpg  disp    hp  drat    wt  qsec gear carb           X</span>
<span class="r-out co"><span class="r-pr">#&gt;</span> 1   4  0  1 26.00 120.3  91.0 4.430 2.140 16.70  5.0  2.0 -0.55381411</span>
<span class="r-out co"><span class="r-pr">#&gt;</span> 2   4  1  0 22.80 140.8  95.0 3.700 3.150 20.01  4.0  2.0 -0.90357957</span>
<span class="r-out co"><span class="r-pr">#&gt;</span> 3   4  1  1 30.40  79.0  66.0 4.080 1.935 18.61  4.0  1.0  0.78018236</span>
<span class="r-out co"><span class="r-pr">#&gt;</span> 4   6  0  1 21.00 160.0 110.0 3.900 2.770 16.46  4.0  4.0 -0.08641398</span>
<span class="r-out co"><span class="r-pr">#&gt;</span> 5   6  1  0 18.65 196.3 116.5 3.500 3.440 19.17  3.5  2.5 -0.68968621</span>
<span class="r-out co"><span class="r-pr">#&gt;</span> 6   8  0  0 15.20 355.0 180.0 3.075 3.810 17.35  3.0  3.0 -0.17101314</span>
<span class="r-out co"><span class="r-pr">#&gt;</span> 7   8  0  1 15.40 326.0 299.5 3.880 3.370 14.55  5.0  6.0 -1.18932646</span>
<span class="r-in"><span class="fu">fmedian</span><span class="op">(</span><span class="va">mtcars</span>, <span class="va">g</span>, use.g.names <span class="op">=</span> <span class="cn">FALSE</span><span class="op">)</span>   <span class="co"># No row-names generated</span></span>
<span class="r-out co"><span class="r-pr">#&gt;</span>     mpg cyl  disp    hp  drat    wt  qsec vs am gear carb           X</span>
<span class="r-out co"><span class="r-pr">#&gt;</span> 1 26.00   4 120.3  91.0 4.430 2.140 16.70  0  1  5.0  2.0 -0.55381411</span>
<span class="r-out co"><span class="r-pr">#&gt;</span> 2 22.80   4 140.8  95.0 3.700 3.150 20.01  1  0  4.0  2.0 -0.90357957</span>
<span class="r-out co"><span class="r-pr">#&gt;</span> 3 30.40   4  79.0  66.0 4.080 1.935 18.61  1  1  4.0  1.0  0.78018236</span>
<span class="r-out co"><span class="r-pr">#&gt;</span> 4 21.00   6 160.0 110.0 3.900 2.770 16.46  0  1  4.0  4.0 -0.08641398</span>
<span class="r-out co"><span class="r-pr">#&gt;</span> 5 18.65   6 196.3 116.5 3.500 3.440 19.17  1  0  3.5  2.5 -0.68968621</span>
<span class="r-out co"><span class="r-pr">#&gt;</span> 6 15.20   8 355.0 180.0 3.075 3.810 17.35  0  0  3.0  3.0 -0.17101314</span>
<span class="r-out co"><span class="r-pr">#&gt;</span> 7 15.40   8 326.0 299.5 3.880 3.370 14.55  0  1  5.0  6.0 -1.18932646</span>
<span class="r-in"></span>
<span class="r-in"><span class="co">## matrix method</span></span>
<span class="r-in"><span class="va">m</span> <span class="op">&lt;-</span> <span class="fu"><a href="quick-conversion.html">qM</a></span><span class="op">(</span><span class="va">mtcars</span><span class="op">)</span></span>
<span class="r-in"><span class="fu">fmedian</span><span class="op">(</span><span class="va">m</span><span class="op">)</span></span>
<span class="r-out co"><span class="r-pr">#&gt;</span>         mpg         cyl        disp          hp        drat          wt </span>
<span class="r-out co"><span class="r-pr">#&gt;</span>  19.2000000   6.0000000 196.3000000 123.0000000   3.6950000   3.3250000 </span>
<span class="r-out co"><span class="r-pr">#&gt;</span>        qsec          vs          am        gear        carb           X </span>
<span class="r-out co"><span class="r-pr">#&gt;</span>  17.7100000   0.0000000   0.0000000   4.0000000   2.0000000  -0.1582286 </span>
<span class="r-in"><span class="fu"><a href="https://rdrr.io/r/utils/head.html" class="external-link">head</a></span><span class="op">(</span><span class="fu">fmedian</span><span class="op">(</span><span class="va">m</span>, TRA <span class="op">=</span> <span class="st">"-"</span><span class="op">)</span><span class="op">)</span></span>
<span class="r-out co"><span class="r-pr">#&gt;</span>                    mpg cyl  disp  hp   drat     wt  qsec vs am gear carb</span>
<span class="r-out co"><span class="r-pr">#&gt;</span> Mazda RX4          1.8   0 -36.3 -13  0.205 -0.705 -1.25  0  1    0    2</span>
<span class="r-out co"><span class="r-pr">#&gt;</span> Mazda RX4 Wag      1.8   0 -36.3 -13  0.205 -0.450 -0.69  0  1    0    2</span>
<span class="r-out co"><span class="r-pr">#&gt;</span> Datsun 710         3.6  -2 -88.3 -30  0.155 -1.005  0.90  1  1    0   -1</span>
<span class="r-out co"><span class="r-pr">#&gt;</span> Hornet 4 Drive     2.2   0  61.7 -13 -0.615 -0.110  1.73  1  0   -1   -1</span>
<span class="r-out co"><span class="r-pr">#&gt;</span> Hornet Sportabout -0.5   2 163.7  52 -0.545  0.115 -0.69  0  0   -1    0</span>
<span class="r-out co"><span class="r-pr">#&gt;</span> Valiant           -1.1   0  28.7 -18 -0.935  0.135  2.51  1  0   -1   -1</span>
<span class="r-out co"><span class="r-pr">#&gt;</span>                             X</span>
<span class="r-out co"><span class="r-pr">#&gt;</span> Mazda RX4         -0.60449189</span>
<span class="r-out co"><span class="r-pr">#&gt;</span> Mazda RX4 Wag      0.07181462</span>
<span class="r-out co"><span class="r-pr">#&gt;</span> Datsun 710         1.54550867</span>
<span class="r-out co"><span class="r-pr">#&gt;</span> Hornet 4 Drive    -0.49538733</span>
<span class="r-out co"><span class="r-pr">#&gt;</span> Hornet Sportabout -0.11047904</span>
<span class="r-out co"><span class="r-pr">#&gt;</span> Valiant            0.44987917</span>
<span class="r-in"><span class="fu">fmedian</span><span class="op">(</span><span class="va">m</span>, <span class="va">g</span><span class="op">)</span> <span class="co"># etc..</span></span>
<span class="r-out co"><span class="r-pr">#&gt;</span>         mpg cyl  disp    hp  drat    wt  qsec vs am gear carb           X</span>
<span class="r-out co"><span class="r-pr">#&gt;</span> 4.0.1 26.00   4 120.3  91.0 4.430 2.140 16.70  0  1  5.0  2.0 -0.55381411</span>
<span class="r-out co"><span class="r-pr">#&gt;</span> 4.1.0 22.80   4 140.8  95.0 3.700 3.150 20.01  1  0  4.0  2.0 -0.90357957</span>
<span class="r-out co"><span class="r-pr">#&gt;</span> 4.1.1 30.40   4  79.0  66.0 4.080 1.935 18.61  1  1  4.0  1.0  0.78018236</span>
<span class="r-out co"><span class="r-pr">#&gt;</span> 6.0.1 21.00   6 160.0 110.0 3.900 2.770 16.46  0  1  4.0  4.0 -0.08641398</span>
<span class="r-out co"><span class="r-pr">#&gt;</span> 6.1.0 18.65   6 196.3 116.5 3.500 3.440 19.17  1  0  3.5  2.5 -0.68968621</span>
<span class="r-out co"><span class="r-pr">#&gt;</span> 8.0.0 15.20   8 355.0 180.0 3.075 3.810 17.35  0  0  3.0  3.0 -0.17101314</span>
<span class="r-out co"><span class="r-pr">#&gt;</span> 8.0.1 15.40   8 326.0 299.5 3.880 3.370 14.55  0  1  5.0  6.0 -1.18932646</span>
<span class="r-in"> </span>
<span class="r-in"><span class="kw"><a href="https://rdrr.io/r/base/library.html" class="external-link">library</a></span><span class="op">(</span><span class="va"><a href="https://dplyr.tidyverse.org" class="external-link">dplyr</a></span><span class="op">)</span></span>
<span class="r-in"><span class="co"># grouped_df method</span></span>
<span class="r-in"><span class="va">mtcars</span> <span class="op"><a href="https://magrittr.tidyverse.org/reference/pipe.html" class="external-link">%&gt;%</a></span> <span class="fu"><a href="https://dplyr.tidyverse.org/reference/group_by.html" class="external-link">group_by</a></span><span class="op">(</span><span class="va">cyl</span>,<span class="va">vs</span>,<span class="va">am</span><span class="op">)</span> <span class="op"><a href="https://magrittr.tidyverse.org/reference/pipe.html" class="external-link">%&gt;%</a></span> <span class="fu">fmedian</span><span class="op">(</span><span class="op">)</span></span>
<span class="r-out co"><span class="r-pr">#&gt;</span> <span style="color: #949494;"># A tibble: 7 × 12</span></span>
<span class="r-out co"><span class="r-pr">#&gt;</span>     cyl    vs    am   mpg  disp    hp  drat    wt  qsec  gear  carb       X</span>
<span class="r-out co"><span class="r-pr">#&gt;</span>   <span style="color: #949494; font-style: italic;">&lt;dbl&gt;</span> <span style="color: #949494; font-style: italic;">&lt;dbl&gt;</span> <span style="color: #949494; font-style: italic;">&lt;dbl&gt;</span> <span style="color: #949494; font-style: italic;">&lt;dbl&gt;</span> <span style="color: #949494; font-style: italic;">&lt;dbl&gt;</span> <span style="color: #949494; font-style: italic;">&lt;dbl&gt;</span> <span style="color: #949494; font-style: italic;">&lt;dbl&gt;</span> <span style="color: #949494; font-style: italic;">&lt;dbl&gt;</span> <span style="color: #949494; font-style: italic;">&lt;dbl&gt;</span> <span style="color: #949494; font-style: italic;">&lt;dbl&gt;</span> <span style="color: #949494; font-style: italic;">&lt;dbl&gt;</span>   <span style="color: #949494; font-style: italic;">&lt;dbl&gt;</span></span>
<span class="r-out co"><span class="r-pr">#&gt;</span> <span style="color: #BCBCBC;">1</span>     4     0     1  26    120.   91   4.43  2.14  16.7   5     2   -<span style="color: #BB0000;">0.554</span> </span>
<span class="r-out co"><span class="r-pr">#&gt;</span> <span style="color: #BCBCBC;">2</span>     4     1     0  22.8  141.   95   3.7   3.15  20.0   4     2   -<span style="color: #BB0000;">0.904</span> </span>
<span class="r-out co"><span class="r-pr">#&gt;</span> <span style="color: #BCBCBC;">3</span>     4     1     1  30.4   79    66   4.08  1.94  18.6   4     1    0.780 </span>
<span class="r-out co"><span class="r-pr">#&gt;</span> <span style="color: #BCBCBC;">4</span>     6     0     1  21    160   110   3.9   2.77  16.5   4     4   -<span style="color: #BB0000;">0.086</span><span style="color: #BB0000; text-decoration: underline;">4</span></span>
<span class="r-out co"><span class="r-pr">#&gt;</span> <span style="color: #BCBCBC;">5</span>     6     1     0  18.6  196.  116.  3.5   3.44  19.2   3.5   2.5 -<span style="color: #BB0000;">0.690</span> </span>
<span class="r-out co"><span class="r-pr">#&gt;</span> <span style="color: #BCBCBC;">6</span>     8     0     0  15.2  355   180   3.08  3.81  17.4   3     3   -<span style="color: #BB0000;">0.171</span> </span>
<span class="r-out co"><span class="r-pr">#&gt;</span> <span style="color: #BCBCBC;">7</span>     8     0     1  15.4  326   300.  3.88  3.37  14.6   5     6   -<span style="color: #BB0000;">1.19</span>  </span>
<span class="r-in"><span class="va">mtcars</span> <span class="op"><a href="https://magrittr.tidyverse.org/reference/pipe.html" class="external-link">%&gt;%</a></span> <span class="fu"><a href="https://dplyr.tidyverse.org/reference/group_by.html" class="external-link">group_by</a></span><span class="op">(</span><span class="va">cyl</span>,<span class="va">vs</span>,<span class="va">am</span><span class="op">)</span> <span class="op"><a href="https://magrittr.tidyverse.org/reference/pipe.html" class="external-link">%&gt;%</a></span> <span class="fu">fmedian</span><span class="op">(</span><span class="va">hp</span><span class="op">)</span>             <span class="co"># Weighted</span></span>
<span class="r-out co"><span class="r-pr">#&gt;</span> <span style="color: #949494;"># A tibble: 7 × 12</span></span>
<span class="r-out co"><span class="r-pr">#&gt;</span>     cyl    vs    am sum.hp   mpg  disp  drat    wt  qsec  gear  carb       X</span>
<span class="r-out co"><span class="r-pr">#&gt;</span>   <span style="color: #949494; font-style: italic;">&lt;dbl&gt;</span> <span style="color: #949494; font-style: italic;">&lt;dbl&gt;</span> <span style="color: #949494; font-style: italic;">&lt;dbl&gt;</span>  <span style="color: #949494; font-style: italic;">&lt;dbl&gt;</span> <span style="color: #949494; font-style: italic;">&lt;dbl&gt;</span> <span style="color: #949494; font-style: italic;">&lt;dbl&gt;</span> <span style="color: #949494; font-style: italic;">&lt;dbl&gt;</span> <span style="color: #949494; font-style: italic;">&lt;dbl&gt;</span> <span style="color: #949494; font-style: italic;">&lt;dbl&gt;</span> <span style="color: #949494; font-style: italic;">&lt;dbl&gt;</span> <span style="color: #949494; font-style: italic;">&lt;dbl&gt;</span>   <span style="color: #949494; font-style: italic;">&lt;dbl&gt;</span></span>
<span class="r-out co"><span class="r-pr">#&gt;</span> <span style="color: #BCBCBC;">1</span>     4     0     1     91  26   120.   4.43  2.14  16.7     5     2 -<span style="color: #BB0000;">0.554</span> </span>
<span class="r-out co"><span class="r-pr">#&gt;</span> <span style="color: #BCBCBC;">2</span>     4     1     0    254  22.8 141.   3.7   3.15  20.0     4     2 -<span style="color: #BB0000;">0.904</span> </span>
<span class="r-out co"><span class="r-pr">#&gt;</span> <span style="color: #BCBCBC;">3</span>     4     1     1    564  30.4  95.1  4.08  1.94  18.6     4     1  0.780 </span>
<span class="r-out co"><span class="r-pr">#&gt;</span> <span style="color: #BCBCBC;">4</span>     6     0     1    395  21   160    3.9   2.77  16.5     4     4 -<span style="color: #BB0000;">0.086</span><span style="color: #BB0000; text-decoration: underline;">4</span></span>
<span class="r-out co"><span class="r-pr">#&gt;</span> <span style="color: #BCBCBC;">5</span>     6     1     0    461  19.2 168.   3.92  3.44  18.9     4     4 -<span style="color: #BB0000;">0.726</span> </span>
<span class="r-out co"><span class="r-pr">#&gt;</span> <span style="color: #BCBCBC;">6</span>     8     0     0   <span style="text-decoration: underline;">2</span>330  15.2 360    3.08  3.84  17.4     3     3 -<span style="color: #BB0000;">0.073</span><span style="color: #BB0000; text-decoration: underline;">3</span></span>
<span class="r-out co"><span class="r-pr">#&gt;</span> <span style="color: #BCBCBC;">7</span>     8     0     1    599  15   301    3.54  3.57  14.6     5     8 -<span style="color: #BB0000;">2.15</span>  </span>
<span class="r-in"><span class="va">mtcars</span> <span class="op"><a href="https://magrittr.tidyverse.org/reference/pipe.html" class="external-link">%&gt;%</a></span> <span class="fu"><a href="GRP.html">fgroup_by</a></span><span class="op">(</span><span class="va">cyl</span>,<span class="va">vs</span>,<span class="va">am</span><span class="op">)</span> <span class="op"><a href="https://magrittr.tidyverse.org/reference/pipe.html" class="external-link">%&gt;%</a></span> <span class="fu">fmedian</span><span class="op">(</span><span class="op">)</span>              <span class="co"># Faster grouping!</span></span>
<span class="r-out co"><span class="r-pr">#&gt;</span>   cyl vs am   mpg  disp    hp  drat    wt  qsec gear carb           X</span>
<span class="r-out co"><span class="r-pr">#&gt;</span> 1   4  0  1 26.00 120.3  91.0 4.430 2.140 16.70  5.0  2.0 -0.55381411</span>
<span class="r-out co"><span class="r-pr">#&gt;</span> 2   4  1  0 22.80 140.8  95.0 3.700 3.150 20.01  4.0  2.0 -0.90357957</span>
<span class="r-out co"><span class="r-pr">#&gt;</span> 3   4  1  1 30.40  79.0  66.0 4.080 1.935 18.61  4.0  1.0  0.78018236</span>
<span class="r-out co"><span class="r-pr">#&gt;</span> 4   6  0  1 21.00 160.0 110.0 3.900 2.770 16.46  4.0  4.0 -0.08641398</span>
<span class="r-out co"><span class="r-pr">#&gt;</span> 5   6  1  0 18.65 196.3 116.5 3.500 3.440 19.17  3.5  2.5 -0.68968621</span>
<span class="r-out co"><span class="r-pr">#&gt;</span> 6   8  0  0 15.20 355.0 180.0 3.075 3.810 17.35  3.0  3.0 -0.17101314</span>
<span class="r-out co"><span class="r-pr">#&gt;</span> 7   8  0  1 15.40 326.0 299.5 3.880 3.370 14.55  5.0  6.0 -1.18932646</span>
<span class="r-in"><span class="va">mtcars</span> <span class="op"><a href="https://magrittr.tidyverse.org/reference/pipe.html" class="external-link">%&gt;%</a></span> <span class="fu"><a href="GRP.html">fgroup_by</a></span><span class="op">(</span><span class="va">cyl</span>,<span class="va">vs</span>,<span class="va">am</span><span class="op">)</span> <span class="op"><a href="https://magrittr.tidyverse.org/reference/pipe.html" class="external-link">%&gt;%</a></span> <span class="fu">fmedian</span><span class="op">(</span>TRA <span class="op">=</span> <span class="st">"-"</span><span class="op">)</span>     <span class="co"># De-median</span></span>
<span class="r-out co"><span class="r-pr">#&gt;</span>                   cyl vs am   mpg disp    hp   drat     wt  qsec gear carb</span>
<span class="r-out co"><span class="r-pr">#&gt;</span> Mazda RX4           6  0  1  0.00  0.0   0.0  0.000 -0.150  0.00  0.0  0.0</span>
<span class="r-out co"><span class="r-pr">#&gt;</span> Mazda RX4 Wag       6  0  1  0.00  0.0   0.0  0.000  0.105  0.56  0.0  0.0</span>
<span class="r-out co"><span class="r-pr">#&gt;</span> Datsun 710          4  1  1 -7.60 29.0  27.0 -0.230  0.385  0.00  0.0  0.0</span>
<span class="r-out co"><span class="r-pr">#&gt;</span> Hornet 4 Drive      6  1  0  2.75 61.7  -6.5 -0.420 -0.225  0.27 -0.5 -1.5</span>
<span class="r-out co"><span class="r-pr">#&gt;</span> Hornet Sportabout   8  0  0  3.50  5.0  -5.0  0.075 -0.370 -0.33  0.0 -1.0</span>
